 12.69130000000000      0.000000000000000
 12.61318788714815      1.000000000000000
 11.85067612278272      2.000000000000000
 11.40948792172411      3.000000000000000
 10.70137234922750      4.000000000000000
 5.935932682122319      5.000000000000000
 5.560993784822291      6.000000000000000
 5.352349304002923      7.000000000000000
 5.031806598571724      8.000000000000000
 5.001659489987990      9.000000000000000
 5.032398015143936      10.00000000000000
 5.356009657606402      11.00000000000000
 5.566580302710354      12.00000000000000
 5.944870810594390      13.00000000000000
 10.74742270308516      14.00000000000000
 11.46062126167630      15.00000000000000
 11.90494405645745      16.00000000000000
 12.67282148047016      17.00000000000000
 12.75165547266310      18.00000000000000
 12.67351856446340      19.00000000000000
 11.90899002740558      20.00000000000000
 11.46657312313767      21.00000000000000
 10.75637864596911      22.00000000000000
 5.970970160901181      23.00000000000000
 5.593571800554305      24.00000000000000
 5.383433002312955      25.00000000000000
 5.060368701855334      26.00000000000000
 5.029881570677910      27.00000000000000
 5.079989457233061      28.00000000000000
 5.606808876420560      29.00000000000000
 5.946622475071840      30.00000000000000
 6.552515051388607      31.00000000000000
 12.40490773513754      32.00000000000000
 13.41760545654986      33.00000000000000
 14.04894603653604      34.00000000000000
 15.14071691507763      35.00000000000000
 15.25282028775384      36.00000000000000
 15.14143449541947      37.00000000000000
 14.05308432139354      38.00000000000000
 13.42366949869169      39.00000000000000
 12.41397026371145      40.00000000000000
 6.575407044590137      41.00000000000000
 5.970340782820752      42.00000000000000
 5.630896307472828      43.00000000000000
 5.104480984749131      44.00000000000000
 5.054663553257207      45.00000000000000
 5.105300397546227      46.00000000000000
 5.636067105047262      47.00000000000000
 5.978315265430361      48.00000000000000
 6.588375759206319      49.00000000000000
 12.47501269732737      50.00000000000000
 13.49301339991545      51.00000000000000
 14.12760195735077      52.00000000000000
 15.22489644621377      53.00000000000000
 15.33749799011201      54.00000000000000
 15.22536602116937      55.00000000000000
 14.13030999548240      56.00000000000000
 13.49698162779665      57.00000000000000
 12.48094309453109      58.00000000000000
 6.603355972660276      59.00000000000000
 5.993836208046294      60.00000000000000
 5.651829597004332      61.00000000000000
 5.121327324811765      62.00000000000000
 5.070880550422191      63.00000000000000
 5.121203967681730      64.00000000000000
 5.651051167925560      65.00000000000000
 5.992635702889765      66.00000000000000
 6.601403619193290      67.00000000000000
 12.47175356338398      68.00000000000000
 13.48654236608294      69.00000000000000
 14.11909186252023      70.00000000000000
 15.21280138127889      71.00000000000000
 15.32475032693425      72.00000000000000
 15.21215308801316      73.00000000000000
 14.11535315613661      74.00000000000000
 13.48106384687829      75.00000000000000
 12.46356608122708      76.00000000000000
 6.580721997685052      77.00000000000000
 5.971207552909097      78.00000000000000
 5.629289535911123      79.00000000000000
 5.099077257360499      80.00000000000000
 5.048491430374121      81.00000000000000
 5.098239642879612      82.00000000000000
 5.624003878985300      83.00000000000000
 5.963055932462045      84.00000000000000
 6.567465207945507      85.00000000000000
 12.40116770701760      86.00000000000000
 13.41017960387890      87.00000000000000
 14.03918025380901      88.00000000000000
 15.12683719004807      89.00000000000000
 15.23819167181593      90.00000000000000
 15.12627195763820      91.00000000000000
 14.03592055926839      92.00000000000000
 13.40540300542219      93.00000000000000
 12.39402922430466      94.00000000000000
 6.549433364359997      95.00000000000000
 5.944373207385369      96.00000000000000
 5.605030398376273      97.00000000000000
 5.078947858653919      98.00000000000000
 5.028970856972116      99.00000000000000
 5.078947623463717      100.0000000000000
 5.605028914239175      101.0000000000000
 5.944370918526579      102.0000000000000
 6.549429642042466      103.0000000000000
 12.39401170373091      104.0000000000000
 13.40538310213749      105.0000000000000
 14.03589917100356      106.0000000000000
 15.12624800215057      107.0000000000000
 15.23816736737980      108.0000000000000
 15.12681289381973      109.0000000000000
 14.03915690049299      110.0000000000000
 13.41015682110339      111.0000000000000
 12.40114588313146      112.0000000000000
 6.567450615438990      113.0000000000000
 5.963042381041481      114.0000000000000
 5.623990957009418      115.0000000000000
 5.098227777966724      116.0000000000000
 5.048479662729788      117.0000000000000
 5.099065357744649      118.0000000000000
 5.629276394946730      119.0000000000000
 5.971193663761122      120.0000000000000
 6.580706855940346      121.0000000000000
 12.46354167213209      122.0000000000000
 13.48103812731838      123.0000000000000
 14.11532664692330      124.0000000000000
 15.21212525708673      125.0000000000000
 15.32472243631174      126.0000000000000
 15.21277384081594      127.0000000000000
 14.11906702840939      128.0000000000000
 13.48651910113706      129.0000000000000
 12.47173282263581      130.0000000000000
 6.601397743711292      131.0000000000000
 5.992631414481606      132.0000000000000
 5.651047777115386      133.0000000000000
 5.121201981791002      134.0000000000000
 5.070878814073909      135.0000000000000
 5.121325804180926      136.0000000000000
 5.651829142155995      137.0000000000000
 5.993836447523107      138.0000000000000
 6.603357460771737      139.0000000000000
 12.48095701347576      140.0000000000000
 13.49699773608957      141.0000000000000
 14.13032747223992      142.0000000000000
 15.22538587012730      143.0000000000000
 15.33751817921011      144.0000000000000
 15.22491667877110      145.0000000000000
 14.12762164632547      146.0000000000000
 13.49303274988424      147.0000000000000
 12.47503146085911      148.0000000000000
 6.588389484769320      149.0000000000000
 5.978328184084519      150.0000000000000
 5.636079526699789      151.0000000000000
 5.105311969435486      152.0000000000000
 5.054675064698586      153.0000000000000
 5.104492659991728      154.0000000000000
 5.630909381323109      155.0000000000000
 5.970354707304201      156.0000000000000
 6.575422405909795      157.0000000000000
 12.41399672658503      158.0000000000000
 13.42369759507454      159.0000000000000
 14.05311340935052      160.0000000000000
 15.14146525511424      161.0000000000000
 15.25285115733332      162.0000000000000
 15.14074744091007      163.0000000000000
 14.04897377580926      164.0000000000000
 13.41763157663688      165.0000000000000
 12.40493124449643      166.0000000000000
 6.552522952115186      167.0000000000000
 5.946628669662964      168.0000000000000
 5.606814100079740      169.0000000000000
 5.079993150587885      170.0000000000000
 5.029885005571039      171.0000000000000
 5.060371932541717      172.0000000000000
 5.383435265650850      173.0000000000000
 5.593573446120980      174.0000000000000
 5.970970714578943      175.0000000000000
 10.75636623465994      176.0000000000000
 11.46655885712948      177.0000000000000
 11.90897461121585      178.0000000000000
 12.67350116903421      179.0000000000000
 12.75163778104483      180.0000000000000
 12.67280371153479      181.0000000000000
 11.90492647238677      182.0000000000000
 11.46060380658760      183.0000000000000
 10.74740549307176      184.0000000000000
 5.944857379919615      185.0000000000000
 5.566567485900884      186.0000000000000
 5.355997227179299      187.0000000000000
 5.032386258792748      188.0000000000000
 5.001647803143564      189.0000000000000
 5.031794843650045      190.0000000000000
 5.352336882423243      191.0000000000000
 5.560980981515970      192.0000000000000
 5.935919273051860      193.0000000000000
 10.70135525052222      194.0000000000000
 11.40947059022960      195.0000000000000
 11.85065866988283      196.0000000000000
 12.61317026235290      197.0000000000000
 12.69128245426668      198.0000000000000
