 5.497900000000000      0.000000000000000
 5.532419281826624      1.000000000000000
 5.895027042609308      2.000000000000000
 6.128627340739042      3.000000000000000
 6.544687240388805      4.000000000000000
 11.64654949977449      5.000000000000000
 12.39000374998511      6.000000000000000
 12.85211194177161      7.000000000000000
 13.64901833084931      8.000000000000000
 13.73037602583958      9.000000000000000
 13.64835931613091      10.00000000000000
 12.84828257605672      11.00000000000000
 12.38436666850416      12.00000000000000
 11.63805705006979      13.00000000000000
 6.519556336040322      14.00000000000000
 6.102570337649814      15.00000000000000
 5.868508875107453      16.00000000000000
 5.505289998356758      17.00000000000000
 5.470503615674764      18.00000000000000
 5.504420895272122      19.00000000000000
 5.863124149536135      20.00000000000000
 6.094347270676749      21.00000000000000
 6.506387753548124      22.00000000000000
 11.56978231378455      23.00000000000000
 12.30851332187600      24.00000000000000
 12.76775309531308      25.00000000000000
 13.55982133201189      26.00000000000000
 13.64073850635167      27.00000000000000
 13.50735590281250      28.00000000000000
 12.21635164888569      29.00000000000000
 11.47754017907993      30.00000000000000
 10.30583953365425      31.00000000000000
 3.836672928517462      32.00000000000000
 3.248029455121383      33.00000000000000
 2.935378074251478      34.00000000000000
 2.481850278081208      35.00000000000000
 2.419177135833755      36.00000000000000
 2.394638906464860      37.00000000000000
 2.391806250611909      38.00000000000000
 2.415247034625286      39.00000000000000
 2.496215637189492      40.00000000000000
 4.503594089307290      41.00000000000000
 4.968859193203700      42.00000000000000
 5.271686690482182      43.00000000000000
 5.815846577514045      44.00000000000000
 5.873003112153223      45.00000000000000
 5.816196781786842      46.00000000000000
 5.273679103624612      47.00000000000000
 4.971754508798545      48.00000000000000
 4.507856870873889      49.00000000000000
 2.504903124630137      50.00000000000000
 2.423771075937585      51.00000000000000
 2.400146556890982      52.00000000000000
 2.402530208761524      53.00000000000000
 2.427014865240237      54.00000000000000
 2.489742062390854      55.00000000000000
 2.943721384825412      56.00000000000000
 3.256558099181355      57.00000000000000
 3.845367824599941      58.00000000000000
 10.31013438394739      59.00000000000000
 11.48047146783598      60.00000000000000
 12.21838244485139      61.00000000000000
 13.50774861768083      62.00000000000000
 13.64078143824495      63.00000000000000
 13.50751573340951      64.00000000000000
 12.21705749904440      65.00000000000000
 11.47854609594619      66.00000000000000
 10.30729965331725      67.00000000000000
 3.839590684401182      68.00000000000000
 3.250889649925158      69.00000000000000
 2.938175118542557      70.00000000000000
 2.484494381743247      71.00000000000000
 2.421802810324414      72.00000000000000
 2.397282207577446      73.00000000000000
 2.394598292765515      74.00000000000000
 2.418099565874823      75.00000000000000
 2.499121057717778      76.00000000000000
 4.505000814684376      77.00000000000000
 4.969805214917844      78.00000000000000
 5.272328633412238      79.00000000000000
 5.815935628160090      80.00000000000000
 5.872974562636668      81.00000000000000
 5.816051191998724      82.00000000000000
 5.272986109430573      83.00000000000000
 4.970760639537658      84.00000000000000
 4.506407489129424      85.00000000000000
 2.501987839978019      86.00000000000000
 2.420912412579536      87.00000000000000
 2.397350508782997      88.00000000000000
 2.399886256859685      89.00000000000000
 2.424389181099231      90.00000000000000
 2.487098590084856      91.00000000000000
 2.940928325946707      92.00000000000000
 3.253704015489665      93.00000000000000
 3.842459911437676      94.00000000000000
 10.30871691011502      95.00000000000000
 11.47951339134235      96.00000000000000
 12.21772764100299      97.00000000000000
 13.50764532531115      98.00000000000000
 13.64079560533191      99.00000000000000
 13.50764708211917      100.0000000000000
 12.21773763599065      101.0000000000000
 11.47952791576152      102.0000000000000
 10.30873829445958      103.0000000000000
 3.842503492423919      104.0000000000000
 3.253746776544539      105.0000000000000
 2.940970165290441      106.0000000000000
 2.487138176989491      107.0000000000000
 2.424428499254196      108.0000000000000
 2.399925846182351      109.0000000000000
 2.397392363197849      110.0000000000000
 2.420955196724203      111.0000000000000
 2.502031458129890      112.0000000000000
 4.506429034347510      113.0000000000000
 4.970775344417038      114.0000000000000
 5.272996296966570      115.0000000000000
 5.816053162062149      116.0000000000000
 5.872974778005526      117.0000000000000
 5.815934084610732      118.0000000000000
 5.272318830991426      119.0000000000000
 4.969790870985781      120.0000000000000
 4.504979591252932      121.0000000000000
 2.499077513977852      122.0000000000000
 2.418056827988912      123.0000000000000
 2.394556468570363      124.0000000000000
 2.397242623164135      125.0000000000000
 2.421763492242247      126.0000000000000
 2.484454790075852      127.0000000000000
 2.938133249134084      128.0000000000000
 3.250846842769912      129.0000000000000
 3.839547029164443      130.0000000000000
 10.30727794726552      131.0000000000000
 11.47853121063381      132.0000000000000
 12.21704711897891      133.0000000000000
 13.50751355009431      134.0000000000000
 13.64078100750762      135.0000000000000
 13.50774994796865      136.0000000000000
 12.21839205468719      137.0000000000000
 11.48048563125436      138.0000000000000
 10.31015544642640      139.0000000000000
 3.845411331012918      140.0000000000000
 3.256600813819162      141.0000000000000
 2.943763193794537      142.0000000000000
 2.489781644239542      143.0000000000000
 2.427054183176802      144.0000000000000
 2.402569802700339      145.0000000000000
 2.400188441215550      146.0000000000000
 2.423813906024143      147.0000000000000
 2.504946816870909      148.0000000000000
 4.507878737719049      149.0000000000000
 4.971769574516336      150.0000000000000
 5.273689676200342      151.0000000000000
 5.816199178349738      152.0000000000000
 5.873003758258193      153.0000000000000
 5.815845460490179      154.0000000000000
 5.271677273249148      155.0000000000000
 4.968845210325184      156.0000000000000
 4.503573187819668      157.0000000000000
 2.496172168183999      158.0000000000000
 2.415204343314655      159.0000000000000
 2.391764456946210      160.0000000000000
 2.394599327254070      161.0000000000000
 2.419137818115579      162.0000000000000
 2.481810681944273      163.0000000000000
 2.935336175088355      164.0000000000000
 3.247986602182801      165.0000000000000
 3.836629199353541      166.0000000000000
 10.30581750605610      167.0000000000000
 11.47752493298458      168.0000000000000
 12.21634088381924      169.0000000000000
 13.50735329300629      170.0000000000000
 13.64073764488020      171.0000000000000
 13.55982223698912      172.0000000000000
 12.76776252481495      173.0000000000000
 12.30852761345024      174.0000000000000
 11.56980428774202      175.0000000000000
 6.506454636766931      176.0000000000000
 6.094416678162627      177.0000000000000
 5.863194818939830      178.0000000000000
 5.504493246801471      179.0000000000000
 5.470576689890287      180.0000000000000
 5.505364688616093      181.0000000000000
 5.868594034644028      182.0000000000000
 6.102661873159036      183.0000000000000
 6.519658655514458      184.0000000000000
 11.63826274926794      185.0000000000000
 12.38458507912922      186.0000000000000
 12.84850870794423      187.0000000000000
 13.64859847413299      188.0000000000000
 13.73061637620923      189.0000000000000
 13.64925700098628      190.0000000000000
 12.85233523879993      191.0000000000000
 12.39021798750857      192.0000000000000
 11.64674891205705      193.0000000000000
 6.544770955587408      194.0000000000000
 6.128699586386731      195.0000000000000
 5.895092570886776      196.0000000000000
 5.532473888420932      197.0000000000000
 5.497952792817140      198.0000000000000
