 0.000000000000000      0.000000000000000
 0.000000000000000      1.000000000000000
 0.000000000000000      2.000000000000000
 0.000000000000000      3.000000000000000
 0.000000000000000      4.000000000000000
 0.000000000000000      5.000000000000000
 0.000000000000000      6.000000000000000
 0.000000000000000      7.000000000000000
 0.000000000000000      8.000000000000000
 0.000000000000000      9.000000000000000
 0.000000000000000      10.00000000000000
 0.000000000000000      11.00000000000000
 0.000000000000000      12.00000000000000
 0.000000000000000      13.00000000000000
 0.000000000000000      14.00000000000000
 0.000000000000000      15.00000000000000
 0.000000000000000      16.00000000000000
 0.000000000000000      17.00000000000000
 0.000000000000000      18.00000000000000
 0.000000000000000      19.00000000000000
 0.000000000000000      20.00000000000000
 0.000000000000000      21.00000000000000
 0.000000000000000      22.00000000000000
 0.000000000000000      23.00000000000000
 0.000000000000000      24.00000000000000
 0.000000000000000      25.00000000000000
 0.000000000000000      26.00000000000000
 0.000000000000000      27.00000000000000
 0.000000000000000      28.00000000000000
 0.000000000000000      29.00000000000000
 0.000000000000000      30.00000000000000
 0.000000000000000      31.00000000000000
0.1473566533682300      32.00000000000000
0.1879751879886980      33.00000000000000
0.2123463087609788      34.00000000000000
0.2529648433814468      35.00000000000000
0.2620293470133041      36.00000000000000
0.2730222297242736      37.00000000000000
0.3329363728708104      38.00000000000000
0.3688848587587325      39.00000000000000
0.4287990019052693      40.00000000000000
0.9980089756574330      41.00000000000000
 1.094996299100207      42.00000000000000
 1.153188693165871      43.00000000000000
 1.250176016608644      44.00000000000000
 1.263416861164831      45.00000000000000
 1.264278101032462      46.00000000000000
 1.237570561526028      47.00000000000000
 1.221546037822168      48.00000000000000
 1.194838498315734      49.00000000000000
 1.126560040412492      50.00000000000000
 1.134446774459640      51.00000000000000
 1.139178814887928      52.00000000000000
 1.147065548935076      53.00000000000000
 1.152865687754604      54.00000000000000
 1.167150227648412      55.00000000000000
 1.259932967610959      56.00000000000000
 1.315602611588488      57.00000000000000
 1.408385351551036      58.00000000000000
 2.194205478962926      59.00000000000000
 2.318032313940834      60.00000000000000
 2.392328414927579      61.00000000000000
 2.516155249905486      62.00000000000000
 2.528552871599314      63.00000000000000
 2.516174438812081      64.00000000000000
 2.392443234534490      65.00000000000000
 2.318204511967935      66.00000000000000
 2.194473307690344      67.00000000000000
 1.409334804907735      68.00000000000000
 1.316644322561887      69.00000000000000
 1.261030033154378      70.00000000000000
 1.168339550808530      71.00000000000000
 1.154077861417662      72.00000000000000
 1.148309493973328      73.00000000000000
 1.140604280935453      74.00000000000000
 1.135981153112728      75.00000000000000
 1.128275940074853      76.00000000000000
 1.197824184879352      77.00000000000000
 1.224700217319084      78.00000000000000
 1.240825836782923      79.00000000000000
 1.267701869222656      80.00000000000000
 1.266857498974969      81.00000000000000
 1.253599810909456      82.00000000000000
 1.156444124659436      83.00000000000000
 1.098150712909425      84.00000000000000
 1.000995026659405      85.00000000000000
0.4305161935022989      86.00000000000000
0.3704206548827393      87.00000000000000
0.3343633317110036      88.00000000000000
0.2742677930914441      89.00000000000000
0.2632431700982832      90.00000000000000
0.2541558591952483      91.00000000000000
0.2134453139562963      92.00000000000000
0.1890189868129251      93.00000000000000
0.1483084415739731      94.00000000000000
0.2718913935362534E-003      95.00000000000000
0.1764899639469481E-003      96.00000000000000
0.1192491061933649E-003      97.00000000000000
0.2384767660405963E-004      98.00000000000000
0.4681724741847738E-005      99.00000000000000
-.1453010105425424E-004      100.0000000000000
-.1103898950346876E-003      101.0000000000000
-.1679057714229477E-003      102.0000000000000
-.2637655654033810E-003      103.0000000000000
0.1464095366185300      104.0000000000000
0.1869355667949014      105.0000000000000
0.2112511849007242      106.0000000000000
0.2517772150770956      107.0000000000000
0.2608188250165609      108.0000000000000
0.2717799053181570      109.0000000000000
0.3315124022552660      110.0000000000000
0.3673519004175314      111.0000000000000
0.4270843973546404      112.0000000000000
0.9950236590602958      113.0000000000000
 1.091842359755691      114.0000000000000
 1.149933580172928      115.0000000000000
 1.246752280868323      116.0000000000000
 1.259976229725182      117.0000000000000
 1.260854286960337      118.0000000000000
 1.234314979823365      119.0000000000000
 1.218391395541182      120.0000000000000
 1.191852088404210      121.0000000000000
 1.124841560060247      122.0000000000000
 1.132909563708306      123.0000000000000
 1.137750365897142      124.0000000000000
 1.145818369545201      125.0000000000000
 1.151650217495149      126.0000000000000
 1.165957521386143      127.0000000000000
 1.258832024798598      128.0000000000000
 1.314556726846070      129.0000000000000
 1.407431230258525      130.0000000000000
 2.193929525406689      131.0000000000000
 2.317851532366819      132.0000000000000
 2.392204736542897      133.0000000000000
 2.516126743503026      134.0000000000000
 2.528543508158497      135.0000000000000
 2.516184310080691      136.0000000000000
 2.392549194513256      137.0000000000000
 2.318368125172794      138.0000000000000
 2.194733009605359      139.0000000000000
 1.410279583296808      140.0000000000000
 1.317681852051177      141.0000000000000
 1.262123213303799      142.0000000000000
 1.169525482058169      143.0000000000000
 1.155286729506757      144.0000000000000
 1.149550195447091      145.0000000000000
 1.142026753482474      146.0000000000000
 1.137512688303703      147.0000000000000
 1.129989246339085      148.0000000000000
 1.200809125982565      149.0000000000000
 1.227853910671544      150.0000000000000
 1.244080781484931      151.0000000000000
 1.271125566173910      152.0000000000000
 1.270298117673651      153.0000000000000
 1.257023638413557      154.0000000000000
 1.159699850543348      155.0000000000000
 1.101305577821223      156.0000000000000
 1.003981789951014      157.0000000000000
0.4322359594279181      158.0000000000000
0.3719592774151866      159.0000000000000
0.3357932682075477      160.0000000000000
0.2755165861948161      161.0000000000000
0.2644602852817195      162.0000000000000
0.2553502536976359      163.0000000000000
0.2145481923472588      164.0000000000000
0.1900669555370325      165.0000000000000
0.1492648941866554      166.0000000000000
0.5519066015329941E-003      167.0000000000000
0.3615628133047223E-003      168.0000000000000
0.2473565403677592E-003      169.0000000000000
0.5701275213948743E-004      170.0000000000000
0.1872686429524502E-004      171.0000000000000
-.1973121663471947E-004      172.0000000000000
-.2119183707674717E-003      173.0000000000000
-.3272306632471230E-003      174.0000000000000
-.5194178173798753E-003      175.0000000000000
-.2210664773748095E-002      176.0000000000000
-.2402851927880848E-002      177.0000000000000
-.2518164220360499E-002      178.0000000000000
-.2710351374493251E-002      179.0000000000000
-.2757211794509708E-002      180.0000000000000
-.2821128836104421E-002      181.0000000000000
-.3183970081183284E-002      182.0000000000000
-.3401674828230602E-002      183.0000000000000
-.3764516073309465E-002      184.0000000000000
-.6957519030003463E-002      185.0000000000000
-.7320360275082326E-002      186.0000000000000
-.7538065022129645E-002      187.0000000000000
-.7900906267208508E-002      188.0000000000000
-.7949812036870219E-002      189.0000000000000
-.7951245282203432E-002      190.0000000000000
-.7839597661439575E-002      191.0000000000000
-.7772609088981260E-002      192.0000000000000
-.7660961468217402E-002      193.0000000000000
-.6678462405495450E-002      194.0000000000000
-.6566814784731593E-002      195.0000000000000
-.6499826212273277E-002      196.0000000000000
-.6388178591509419E-002      197.0000000000000
-.6385585276191171E-002      198.0000000000000
